name: CS5242
channels:
  - defaults
dependencies:
  - absl-py=0.5.0=py36_0
  - astor=0.7.1=py36_0
  - atomicwrites=1.2.1=py36_0
  - attrs=18.2.0=py36h28b3542_0
  - blas=1.0=mkl
  - bleach=1.5.0=py36_0
  - ca-certificates=2018.03.07=0
  - certifi=2018.8.24=py36_1
  - cycler=0.10.0=py36_0
  - dbus=1.13.2=hc3f9b76_0
  - expat=2.2.6=he6710b0_0
  - fontconfig=2.12.6=h49f89f6_0
  - freetype=2.8=hab7d2ae_1
  - gast=0.2.0=py36_0
  - glib=2.53.6=h5d9569c_2
  - grpcio=1.12.1=py36hdbcaa40_0
  - gst-plugins-base=1.12.4=h33fb286_0
  - gstreamer=1.12.4=hb53b477_0
  - h5py=2.8.0=py36h989c5e5_3
  - hdf5=1.10.2=hba1933b_1
  - html5lib=0.9999999=py36_0
  - icu=58.2=h9c2bf20_1
  - intel-openmp=2019.0=118
  - jpeg=9b=h024ee3a_2
  - keras=2.1.5=py36_0
  - libedit=3.1.20170329=h6b74fdf_2
  - libffi=3.2.1=hd88cf55_4
  - libgcc-ng=8.2.0=hdf63c60_1
  - libgfortran-ng=7.3.0=hdf63c60_0
  - libpng=1.6.34=hb9fc6fc_0
  - libprotobuf=3.6.0=hdbcaa40_0
  - libstdcxx-ng=8.2.0=hdf63c60_1
  - libxcb=1.13=h1bed415_1
  - libxml2=2.9.8=h26e45fe_1
  - markdown=2.6.11=py36_0
  - matplotlib=2.1.2=py36h0e671d2_0
  - mkl=2019.0=118
  - mkl_fft=1.0.6=py36h7dd41cf_0
  - mkl_random=1.0.1=py36h4414c95_1
  - more-itertools=4.3.0=py36_0
  - ncurses=6.1=hf484d3e_0
  - numpy=1.14.2=py36hdbf6ddf_1
  - openssl=1.0.2p=h14c3975_0
  - pandas=0.23.4=py36h04863e7_0
  - patsy=0.5.0=py36_0
  - pcre=8.42=h439df22_0
  - pip=10.0.1=py36_0
  - pluggy=0.7.1=py36h28b3542_0
  - progressbar2=3.37.1=py36_0
  - protobuf=3.6.0=py36hf484d3e_0
  - py=1.6.0=py36_0
  - pyparsing=2.2.1=py36_0
  - pyqt=5.6.0=py36h22d08a2_6
  - pytest=3.8.1=py36_0
  - pytest-runner=4.2=py36_0
  - python=3.6.6=hc3d631a_0
  - python-dateutil=2.7.3=py36_0
  - python-utils=2.3.0=py36_0
  - pytz=2018.5=py36_0
  - pyyaml=3.13=py36h14c3975_0
  - qt=5.6.2=hd25b39d_14
  - readline=7.0=h7b6447c_5
  - scikit-learn=0.20.0=py36h4989274_1
  - scipy=1.1.0=py36hd20e5f9_0
  - seaborn=0.9.0=py36_0
  - setuptools=40.4.3=py36_0
  - sip=4.18.1=py36hf484d3e_2
  - six=1.11.0=py36_1
  - sqlite=3.25.2=h7b6447c_0
  - statsmodels=0.9.0=py36h035aef0_0
  - tensorboard=1.7.0=py36hf484d3e_1
  - tensorflow=1.7.0=0
  - tensorflow-base=1.7.0=py36hdbcaa40_2
  - termcolor=1.1.0=py36_1
  - tk=8.6.8=hbc83047_0
  - tornado=5.1.1=py36h7b6447c_0
  - werkzeug=0.14.1=py36_0
  - wheel=0.32.0=py36_0
  - xz=5.2.4=h14c3975_4
  - yaml=0.1.7=had09818_2
  - zlib=1.2.11=ha838bed_2
  - pip:
    - chardet==3.0.4
    - idna==2.7
    - pkginfo==1.4.2
    - requests==2.19.1
    - requests-toolbelt==0.8.0
    - tqdm==4.25.0
    - twine==1.11.0
    - urllib3==1.23

